width: 1280
height: 720
fx: 909.3773280487426
fy: 909.3773280487426
cx: 642.9053428238576
cy: 358.0199195001692
distortion: [0.1012342177015649, 0.1094909857842104, -0.0005098678031221622, -0.001172143507895601, -1.113179074619399]
